47 1 0
47 0 0
46 1 2
46 0 0
45 1 6
45 0 1
44 1 5
44 0 1
43 1 4
43 0 2
42 1 9
42 0 2
41 1 7
41 0 3
40 1 8
40 0 3
39 1 5
39 0 0
38 1 8
38 0 4
37 1 10
37 0 5
36 1 9
36 0 5
35 1 11
35 0 4
34 1 8
34 0 4
33 1 5
33 0 0
32 1 4
32 0 0
31 1 7
31 0 0
30 1 6
30 0 1
29 1 2
29 0 2
28 1 7
28 0 2
27 1 8
27 0 3
26 1 3
26 0 3
25 1 4
25 0 4
24 1 6
24 0 4
23 1 2
23 0 0
22 1 1
22 0 1
21 1 6
21 0 2
20 1 9
20 0 2
19 1 8
19 0 3
18 1 3
18 0 3
17 1 8
17 0 4
16 1 4
16 0 4
15 1 5
15 0 0
14 1 7
14 0 0
13 1 5
13 0 1
12 1 3
12 0 1
11 1 4
11 0 2
10 1 6
10 0 2
9 1 3
9 0 3
8 1 5
8 0 3
7 1 4
7 0 0
6 1 9
6 0 4
5 1 7
5 0 5
4 1 5
4 0 5
3 1 6
3 0 4
2 1 8
2 0 4
1 1 5
1 0 0
0 1 7
0 0 0
4d54686400000006000100020004
4d54726b
00000184
00903064048030000090306404803000009037640480370000903764048037000090396404803900009039640480390000903764048037000090306404803000009035640480350000903564048035000090346404803400009034640480340000903264048032000090326404803200009030640480300000903064048030000090376404803700009037640480370000903564048035000090356404803500009034640480340000903464048034000090326404803200009030640480300000903764048037000090376404803700009035640480350000903564048035000090346404803400009034640480340000903264048032000090306404803000009030640480300000903064048030000090376404803700009037640480370000903964048039000090396404803900009037640480370000903064048030000090356404803500009035640480350000903464048034000090346404803400009032640480320000903264048032000090306404803000009030640480300000ff2f00
4d54726b
00000184
00903c6404803c00009039640480390000903e6404803e0000903b6404803b00009039640480390000903c6404803c00009040640480400000903764048037000090396404803900009035640480350000903b6404803b0000903764048037000090356404803500009039640480390000903c6404803c000090396404803900009037640480370000903e6404803e00009035640480350000903e6404803e00009040640480400000903b6404803b000090326404803200009034640480340000903b6404803b000090376404803700009035640480350000903e6404803e0000903c6404803c00009034640480340000903b6404803b0000903c6404803c000090376404803700009039640480390000903e6404803e0000904364048043000090406404804000009041640480410000903e6404803e00009039640480390000903e6404803e0000903c6404803c0000904064048040000090376404803700009039640480390000903b6404803b000090346404803400009030640480300000ff2f00